1308745
11625156
1308746
1424653
3025320
1308743
1308742
6529885
1308741
2342568
19955871
3569969
1297550
6852355
3058500
1308749
1424654
4304377
2129914
1424655
1308747
1432782
1308748
4284085
2134995
4221475
4221477
1424664
1432774
3569954
1308755
1308754
2156069
1308757
11625161
1432773
1424661
1438313
1308751
1401641
1308750
1432779
1308753
3569955
1308752
1297540
2156060
2129924
1308758
1297544
1438317
1297542
1438316
3624525
1468266
1297548
1297547
1468268
1297546
11504455
1949682
3389603
1308764
10810684
1308763
1963066
1308762
1308761
1438300
1297570
1963069
1438302
1308767
3569943
1963067
1308765
2078989
1963068
2156053
1297576
3278297
1308769
5908523
2997316
6886525
1297574
2343670
1297579
3582056
3690001
1308771
1308770
2340417
2434764
2241829
1308772
1308775
1432754
1987992
1308774
3189558
1308777
1308776
2377170
1308779
1308778
2362277
6886518
1297564
1401624
1401623
1401622
5053589
1308787
1963001
1297590
11625198
1308786
1308784
2036588
6727006
3668289
1299809
1301390
1452061
11577349
1299811
1424617
3722566
3094696
1301392
1297598
1872077
1297599
1301394
1424613
6097381
1308799
1308795
1308796
3569911
1308797
1308790
2939428
1308792
3569915
1452055
2342530
6946790
3195432
2028045
1299802
1299803
1872083
1297584
1297585
1424627
2078906
1299800
1297589
1424622
1297587
4132521
3162953
21247891
3418211
1299837
1299839
1424633
4304356
2362223
6848284
10455421
1299830
1424639
3796613
3897842
10487261
3796610
1424642
1424640
3376951
4962094
5100887
5098910
6946772
3222787
6946777
1299824
1299826
1758333
4259560
1768524
1758336
1299822
1295252
1295253
1755972
10440134
1295250
1298720
5128250
10440138
1439859
1295255
1298727
20268747
1298728
1732388
2059225
6523545
1439852
10456963
1949606
1298710
1295242
1296499
4051753
10430879
1949602
4830911
3161867
6803494
1296498
1298716
10430875
1298717
1298718
1298712
1798010
2044099
3161877
4915055
1949608
2998797
1295278
1439834
1295276
3161859
1298744
6722732
1986879
1295273
1958914
2044081
4960076
20268723
1298745
10416189
1904183
2044089
3196998
3534142
4960074
3206847
1964595
1295271
3024252
1986872
2131980
1807497
1295268
6001033
6001034
1424605
1807495
1298733
1298734
6732236
6001038
1298737
1295269
6390832
6390830
2059213
2028027
5313246
1295260
2147606
1401619
1296468
20268706
10527253
1401617
1401618
6390822
6390823
20268702
3324130
6001047
1296461
1401612
6390827
6001045
1295295
6001043
1308709
2363373
1308704
1296464
1431690
1296467
1308706
2259810
1307254
1308701
1307257
2376071
6523585
1295292
1307258
1431699
6523586
6523584
1941197
4131497
2147611
1439890
1862927
10430831
1296459
1467177
2059276
1295284
1295283
1308719
1401600
1295285
1401601
1401603
1295287
1296455
1301806
1308715
1296454
1401604
1308714
1401605
1439889
1431685
1308712
19954796
1308713
1754812
1307266
1307265
1473121
1295280
3040418
1295281
6523575
1431688
1978399
2343667
1307260
2343666
1307263
3022105
1862913
1298704
1764333
1958958
1298708
1301812
6889755
1301811
1298706
10527274
1301817
4830902
6852373
20411039
10430826
1308728
3040430
20429432
10456950
1308729
1296482
1307277
1308721
10456947
1308722
1978369
3271080
1307272
1755917
1958952
2131940
2269338
1958947
2146591
20266598
1301823
1438338
3278265
1308738
1296475
3318434
3271093
6523593
6852389
4798707
1296472
1473140
3276120
3032912
3586721
3040438
1438333
10456935
1307289
1438337
1308732
3243322
1438336
2343640
4262170
5169470
3586725
1307282
3586726
4117274
2045564
1301409
2132607
3205368
4011176
10527280
1431648
6794388
2039843
1300356
1300357
1300358
1307221
1298670
1300359
1307223
1301403
1296530
1301849
1860770
1296531
3161902
3318378
1298672
1298677
1307229
1300350
1300353
1296538
2170951
1296534
4188462
10527288
1296535
4230910
1296537
1979076
4011164
5176937
2029129
10542144
4011161
3769893
1979074
4230918
3638366
1958976
1307217
1473178
1300343
1307210
4287151
1860784
1300347
1300348
1298683
1296544
1296542
2074597
1966759
1298688
1473174
5907497
3276019
1467242
1296546
3586646
1979067
1979066
3699737
1298692
1307246
1979068
1300377
3586642
1307249
5360889
1301421
1300375
1300374
1298695
1296553
1301869
1300371
1298694
1301867
11521668
1301868
5360890
1296557
1301865
1296558
3631220
1301866
3610756
1301861
1295306
1295307
6962981
4873490
1301419
1881177
1897967
4930393
1301417
1873225
1307233
1301416
11601789
20498240
1440613
1307239
2284786
1440615
1300366
6809091
1296561
1300361
1296565
1301859
1986911
1296569
1296567
1301856
2059286
1295316
4844730
1301850
1295318
1295319
1986919
20427215
1301853
1300399
10440197
20501209
1429068
1439921
6886490
10794042
1301886
1298638
5161101
1295329
2074560
1301884
1295328
1298635
1301883
1295327
1301889
1295326
1295325
1301888
3206851
1295324
1301887
1295323
1298630
1876686
3769423
1300392
1295320
1829519
11601786
1300395
1927686
20427220
1300389
1860742
2997296
1860745
3250927
1431619
3670997
2910660
1431617
1906391
2997293
1296507
1298646
1906385
1298648
1295336
1301877
1434049
1301876
3040494
1296501
2074557
1296500
1300381
3156600
1300385
1295330
1298644
3389596
1307200
20274042
1307202
1307201
1307203
1307206
1467235
1295348
3610794
1295346
1296517
1866131
1296519
6989150
2267155
20274039
1298656
20274038
1295340
1298655
1298654
1298653
1829537
3389591
1295344
1298650
1295342
1296510
1860766
1301890
1429096
1301893
1913903
3893378
5279687
3661110
1301899
1301898
6060652
1301895
1298669
1301894
3143967
1296528
1301897
1439918
1298667
3056300
2980265
1296520
1295355
1301480
10487238
4034100
10487239
1299721
1301485
4058964
4058963
2212953
1299725
10600877
3121972
1758351
3011606
3250979
3023155
5354501
10487240
3389576
10487244
10487226
1299730
1299734
2266033
4058952
1926104
1299737
6886464
6886462
2239136
3011617
4005227
1432701
2024996
1432700
3731280
4121418
1401588
1299745
1401587
1758376
6038071
5041077
4304302
1950238
1297602
1297601
5209561
1297606
1297605
3287804
1297608
1297607
5353077
19955828
6886472
19955824
6886471
19955821
11593068
1401582
6781984
5111689
1950233
3389558
1401584
4190211
1401585
6781988
1872105
1401586
1401598
6781967
1301495
20470262
1297611
1301490
2248576
1301491
10487203
6886486
1297615
1297614
1758363
4187362
1548912
5053630
2159244
2159243
1429050
11527519
3205316
5279640
1429055
1401592
1908302
1429059
6781971
1401596
1401597
1301498
1401595
20278045
1297628
1297629
1758391
1299769
11520159
2268267
3329731
5908512
1297621
1297622
3091271
2212913
1299767
2212912
1299765
5908518
1950254
1301444
1301445
1424582
1300317
1301447
2161696
1301448
1432730
1440682
5355159
5355157
6109410
1765316
5099987
1440685
1963070
2255576
1776964
1776962
6109428
6529847
1926142
1297630
4206357
1301431
5908505
1299775
1299777
5041048
6529845
1424571
1301434
1300300
1908322
1301432
19955830
4847665
1300303
1908324
1300306
1424574
1908323
1300305
4287119
1897947
1908327
2044102
3193266
1897943
3670938
1907465
1297646
1907467
1907464
1300330
2129988
1300331
10827151
1299786
1301463
1299785
1299782
1297643
1297644
1299783
1301469
3195496
4734603
1300337
1301465
1476854
1301466
3011620
1300334
3026800
1301468
1957897
3011621
3026808
2001296
1297659
2029103
1949570
1949571
1297650
1299799
10827162
1872133
1299795
1299790
10827168
5279601
1300328
4847685
1301459
1300321
1300324
1300323
3023164
5355187
1468357
2039838
1963187
4009649
3094549
1297690
3094547
1432640
1438425
1452121
1308881
3836725
5288240
10787752
1468154
1299913
4741275
6524295
1401518
3718273
1468155
1401517
1299910
10797046
3272296
1401513
1297694
3718279
6443744
11625066
5954958
1432631
2160062
2342673
1308890
1432639
2160064
1432637
1308892
2160063
5191055
1308891
6524282
1299900
1299903
5064521
1299904
1401507
4284174
1297689
6524283
4009651
1401504
1297685
1401501
1297683
1297682
1468160
1468161
1308866
5356810
1308865
1963167
3025447
1308862
1308861
1401530
3538446
1963163
1432669
1308860
1401531
3389748
2342688
3172300
5355365
2144501
1297679
11527586
1759192
6778368
3168993
1452142
1914930
3168995
1297671
1401533
1297670
1401532
1401535
1297673
1401534
1401536
1401539
11527584
1432660
3025452
1308875
1308872
1754975
1908256
5356803
3203223
3334410
4741262
1914923
6524263
1297667
1401529
1401524
3094544
6812873
1401523
1401522
4720908
1401521
1297666
1297665
1903045
1401526
3025450
2240689
4900089
4900088
5995923
1815638
11625097
5213159
4132407
1769785
3934186
1299952
1299957
2130529
6524251
5908683
1301290
2130521
1957933
6038035
1963131
1768647
4290915
4221335
1987830
5184850
1957937
1957920
2059306
1474788
1401571
1301278
2078804
1768636
6038068
1401572
1301279
6426587
1299932
1873089
3324091
1301272
1299936
3203267
2059312
2059313
2059310
2153324
5353096
3194941
2153322
1963112
3195551
4274563
3890644
2059318
1432699
1758439
1424749
1424748
1424746
10810745
1903001
1301284
1769750
1301283
1424743
10799138
3094580
1949761
1957919
5353094
4798888
3122541
1299922
3680627
3091433
1299923
2159331
10540059
1298869
1868400
1308802
1295157
1308803
1298861
3095684
1308804
1308805
1308806
1308807
1308808
10427858
1298863
1474762
1308801
1862867
2147718
1308800
10540062
2059321
6757156
10540066
4842877
1295148
10727340
5433231
1308815
1308816
1308813
1298850
1308819
1298851
1308817
4051608
2343723
1308811
20411136
1308810
1475486
2158222
2252188
10563119
3415804
1298846
3195518
3718210
1467085
1298842
1300186
5907534
1300185
1759113
5372334
3278312
1300184
3024392
1300183
1295134
1474741
1473215
2037796
2160018
1474743
1862845
6953293
1474744
1474740
3018644
2059348
2157009
1457217
1457219
1474745
1474746
1457218
1792671
2209368
1663438
5350027
1467097
1663436
1300199
1298831
1467094
1295120
1300195
1295124
1300193
1815687
1424701
3009079
5313100
10576532
2132683
3009077
2267052
1474738
2130545
2059354
1308847
3278376
1308846
10430704
2367213
1308848
6953276
1298821
3718237
1298822
1298829
1792691
1298828
1298826
2170916
1307394
1862826
1474724
1298819
1307395
2170915
1474727
1307392
2170910
2157029
1428007
1308840
1308841
1308842
1428003
1308843
1295190
1308844
21263601
2170919
1301705
1296599
2209383
1308859
1296598
1308858
1439989
1439988
1296596
1301706
1308857
1295185
1301708
1295184
1295187
6722888
1663415
1467074
4115138
1298813
1298816
5169599
4149462
1298817
1298808
1298809
20411172
1308851
1296591
1295183
1308850
1308855
3418187
1308854
1308829
1308828
1295175
1296581
1296583
2157044
1295179
1308824
6722873
1296585
1295178
3278352
1308827
1296588
1467044
3276219
1298803
1532801
6722879
3206901
3090368
1307372
1307371
1754927
1308820
1981642
1308821
1308822
1308823
1981645
1903081
1295172
1873007
1296573
1296572
6870362
1296570
1874383
1308838
1308837
1296576
1295169
1308836
2157033
1308835
1296574
10512244
1296579
1307384
1307389
1308833
1308834
1308831
1307386
1308832
3157581
1308830
1307364
3797823
1307365
1307366
1301304
1301303
4120634
1307368
1950198
1475401
1761172
1475404
1440742
1475408
1906260
2083897
3218528
1950192
1307363
1301746
3054150
1296678
1301744
1296679
2312675
1301741
4034047
6528885
3318473
1300253
1296674
3318479
1300250
1301749
10807807
1761184
1307354
1300246
1300247
7051900
3047989
3047988
1307358
3365393
1307350
2255476
1296688
10527193
20266428
1301730
10527195
1300242
1457191
1296684
1301739
1296685
1307346
1860656
1307349
1761152
4120653
2367243
1761154
1307345
3047971
5201425
1296659
1301720
4117335
1301724
5317307
5317308
1301725
1301723
2361040
1296652
3583797
1301726
3329893
1920689
1473297
2039975
1300229
1950163
1300227
1307332
2132736
2132732
2083861
1476926
10527172
3610666
6062731
1301711
1296668
1296669
1296666
3276137
1301715
1301716
1301717
5057934
1301718
1301719
1296660
1300220
3054147
4034059
1301782
1428071
6390760
2000287
1979144
4011274
6390762
3640870
6390761
1428074
1979147
3313204
1307320
1307323
1394968
1307322
3430921
11601878
1440703
1300299
2075106
1300295
1298776
1300297
1300298
4748231
1300292
1298771
1295221
1296634
6998814
3610676
1295227
3157605
1296636
1301788
10563107
1295225
1301785
5161000
1906298
1298779
1298778
1296639
1295229
6523529
1301770
2000278
3009161
1979131
3009168
1307311
1761140
3009163
1307315
3009165
1300288
6523520
1307319
1298785
1300287
10586620
1300285
3056421
1300282
2257732
3811373
1298784
1301777
1296646
2257738
1295238
4194287
1902009
3769718
1866264
1301775
1428055
1428054
1428053
1428051
1475428
6714930
1440725
1307305
4120615
3811348
5959260
6013501
10332552
20278174
1295200
1296610
1307306
3811342
1298755
1298754
1300275
1298753
2257740
1307309
4188543
1298759
1301764
1298757
1765278
20266418
1296617
1866235
1296612
1765272
1301768
1296611
1295204
4061047
5959259
6523509
1300267
1300266
2033187
2889743
1428068
5959251
1428067
1428069
1296621
1296620
3040378
1298762
1761123
1298761
1298764
1300264
3811356
1300265
3811353
1298766
1296629
1296628
4117302
1301753
1457132
3791298
1301756
3646397
2257759
1301755
1296623
1301758
1301757
1297723
3120342
3631187
3545316
1456053
1297727
1297726
1299868
1423039
1966802
1966803
1299865
1299864
1299863
1301381
1950118
4206468
1401461
11601833
2075147
1401465
4206461
1423033
2077287
1423035
5959245
1423031
2039903
1297736
1297735
1296601
1758482
1299879
1926007
1423028
1299878
3218596
1297737
2129898
1299875
1920620
1301376
1299877
1401478
2129899
1301374
6529946
1758487
2997155
6533124
11601824
3204709
1423021
10807880
1297704
1299846
1297707
4230878
3121851
1299840
4304402
1889640
10514980
1889643
1299843
3811388
1889645
1301365
3056430
1301367
1401487
1401481
4121306
1429146
3940356
1428097
4290934
1428094
1297718
1301798
1299859
1297716
1299858
1297715
1297710
4206436
3120336
1299851
1299850
1301354
1301358
1401493
2997134
1301359
1937072
1888138
1301342
1297763
1297767
1297768
11527610
1297769
5173651
10751153
1476979
5343622
4049600
1323746
1323747
5134317
1950151
1323749
4288330
1476973
1429124
1301345
1300212
3797862
1300211
4902958
1476976
1297771
2255438
1950148
3096779
1297773
1765228
6024430
1476989
1300209
1300208
1301339
1300205
1300204
4206497
1476983
2997114
1301337
2039957
1300201
1476987
1300203
1300202
6224731
4930406
4930409
1297743
1299888
1950138
3268977
11601820
1299885
1301320
1299886
3582229
3056473
1778999
1299889
4748295
3582223
4930402
1907325
1297747
3893421
3798935
1432616
5353133
1432618
1476959
4902937
11601812
1908211
1429106
4902933
1301328
1299892
1297753
4206477
1297751
5167328
3317394
1301310
1299898
1297759
2129839
6539433
6539431
5343629
1297756
1937021
1423040
1432629
3554902
1423044
1301313
1301314
1432624
1301311
1452109
1299891
1949877
1981361
11532777
1950525
1765609
1829268
10455636
10455634
10455635
4050408
1307092
1307099
4736002
4736003
3212965
2255841
3148068
4736001
3284877
1759288
11797272
3286099
1890885
1296299
1476676
1963235
4720834
1476677
1296294
3148064
3115167
3017025
4720830
3287615
11504249
3287613
6729962
3161658
2255835
3024059
4139888
3024054
11577132
4265843
1754628
3017015
3017014
1765623
3091572
2031628
6812932
2240587
4236792
11577118
3597344
1949869
4139878
1981335
1476698
3690289
10455648
4154532
1473308
4049689
3123920
1297792
1401896
1297791
1401895
3167744
3723814
11577148
3123925
2368641
1401899
1308989
3768046
1297797
3122871
1308980
2044268
3244128
4139861
3150736
3632509
1308987
1295091
1401890
1308985
1295090
3632506
1308983
1401892
3418436
2037833
1297790
10549481
1401887
1295087
1295088
1981392
1295086
11519235
1297787
3920977
1295089
1297785
1401888
3317125
2253589
2253586
2253583
1797247
5087874
1308991
1308990
1308997
3317128
1308999
1474458
1308998
6959152
1295084
1308993
1401883
3033864
1295082
1308995
1401881
1308994
3177011
1401874
1474482
1401873
1401875
1949890
1890813
4115223
4115222
3115174
1949893
4224317
1438540
1474487
3148091
5313079
20398972
3768032
3723846
3284857
5313081
3287649
3273874
3122881
6959177
1812876
6959179
3148089
3632517
4725618
2078734
1307013
1308943
1307015
1307014
6968158
2031688
2082015
4237879
2147854
2296977
2082012
4146497
2082013
3834922
1768351
2342360
1434323
1296228
1895120
5333829
20396620
3808604
1295053
2072133
1903199
3287676
1296223
1308945
3244162
1307026
6968141
6511706
1876963
1307023
1308950
1307028
1307027
2030560
2030563
1307022
5211309
4149324
1296218
6152958
1296217
1296215
1296210
1873370
1401842
6811422
2067301
3123955
1401843
3150795
1296214
1873374
1295045
3287665
1308956
1977077
6560058
1295073
1308960
2061828
1438584
1295070
1769825
1769827
1439633
1308965
1307031
2147874
2283057
1457319
1307033
4195726
4217398
10521893
6299910
3092179
3092178
3318665
10441405
1295078
1296246
1295077
1296240
1296242
1308972
2362073
1308973
1295061
1308971
1308976
6013489
1873399
1307047
1308974
1307046
1308975
1457308
2045321
1307043
1457309
4720898
1457304
1895119
4195740
5053389
2980437
2980436
3172647
1295068
2980431
1296235
1308979
3793109
1308978
1295064
20427087
1296231
1424804
1295065
20427089
1307052
1473339
1307054
1812821
1308900
4122701
1300069
1296260
1300064
1300067
1296264
4842989
1308908
1308901
1296266
1295014
1300060
1295012
1296269
3808646
3808643
3546710
6510696
6778650
1829237
1307066
1457329
1308910
1439600
1307067
1296250
1829230
1300079
2030523
1475589
1769833
3057202
1296253
6900092
1308919
6900093
1300077
1768303
3278446
1768304
1296252
1300075
1295000
1295001
1300074
1300072
1296255
1308912
1440919
1300070
1905462
3217099
1295006
1295008
6900097
6900094
6900095
3726986
4120583
1474405
6862041
1307072
1296283
2147836
1296282
1295036
1300083
1300082
1768333
3546739
1300085
1949811
1308927
1296284
1949812
1296286
1300089
1298505
4090556
2269525
1298506
3217064
1295038
1300080
4177816
1307082
1296272
1769856
1440901
4836796
20277145
1822108
1308937
4924799
1295025
1300093
1296275
1296276
1300097
3722719
1300092
6778676
4842994
3172606
2363569
4090525
4960204
5350103
4924811
3217172
1300151
1434270
1440845
1301600
2997063
3207866
2303375
1301603
1394823
1301604
6893934
1301601
1301602
1394825
1434277
1434276
10828426
2132889
1434273
4325088
1434272
2267372
3217169
1298405
6539394
4090531
2267369
3217165
4117426
1906147
3120652
4924800
1394828
1906149
4924806
1298401
1300143
20284932
4195671
2997052
1966557
1475558
2997053
2997054
1475554
1300149
3336984
1434283
1480869
3121793
1295106
1434257
3217153
3835981
1297806
2074343
1297803
1764045
1298415
1297804
20427001
2074344
1298412
1986703
3217150
6714836
4836871
2075466
1301620
1301629
5359937
4123744
1295116
1434269
1297813
19390890
6001229
20284951
10752395
1298428
1297817
1475572
1300161
1300162
4122724
3419986
2067291
1888428
1301610
2997076
4843480
3217149
1301616
4123732
1301617
4780602
1301618
1298432
2257820
2983315
4197788
3105162
6124111
1298437
4195641
4195646
20394480
1301649
3546783
1440884
4049700
1300112
1301641
1440888
1301647
3047617
1300117
1873454
1301646
1298442
1298443
7152908
1298446
6737856
3217125
3054025
1457298
3217122
1296308
3206663
1467005
5359967
2133903
7051805
3217128
2075410
1440874
2997094
2075412
3193460
1301630
1301633
1301632
1300107
1301635
1300108
3113059
4049718
1888407
1301636
1300106
1966525
2361386
1300130
5195646
1298455
10807909
1296310
1296311
1298451
3055049
2072121
6900112
2059054
3105142
1482961
3217118
6900119
1394801
1298450
1301669
1307002
10799503
1300139
1301668
5940803
1966524
1300122
1298468
1298465
1467023
1919168
1296325
3206681
5161396
1467020
2133923
3631479
1440852
3047620
3070921
1480808
5940814
1301659
1300127
1298461
5940812
2155166
1440855
1301655
1301685
1301686
1301687
4288471
1301689
1874704
7051830
1432973
1432972
2295854
3205567
2044334
1297866
1298474
1298473
1297862
1297863
1301682
4256073
5968834
1301683
10514820
1301676
2155142
1301675
10514806
5126837
4236860
1301678
1301679
3632546
4236869
3205571
2073265
1297879
1867014
1297874
1482936
3732536
1297875
1298485
1297870
1298489
1301670
10514811
1298488
1298491
1298492
1298493
1298494
1815908
2044315
2076510
10606890
6439454
2268042
1297889
2936171
20501038
1297880
10514841
1297882
3732547
1482925
3317017
1301699
1301697
7051829
2123052
7051827
3632567
4139924
2136998
20501041
5501680
1867037
1758161
2295815
10514830
1301694
1301692
1297896
1301690
1297894
2117742
1482911
1468547
4236817
4154555
2075484
1297819
4132754
2983391
3601074
2997029
1299965
1754573
1299964
1950454
2073231
1297826
3148027
5031972
1299967
6852646
1299966
1297822
1297823
4154545
4139903
3011854
1476649
1468539
1476645
4236821
5995540
1294001
1294000
1299972
3586471
1294002
1299973
4043850
3148035
1294009
3568311
6959207
5966609
1297833
24324799
1294007
3205548
3115106
3115104
2997045
10575341
1299987
1299986
1299984
3732505
1299981
1297841
1294011
4901503
1297846
1867066
1294015
1294019
6539385
4901506
1770401
2159487
4146512
1299990
3429252
1476669
1299996
2090561
2378596
1299997
1294022
1297852
1294024
1797174
1294027
1297854
3148013
1797176
1903216
1950427
3011906
2253499
3168770
3401751
3785942
2300450
1861935
3148175
1438621
1438615
1438616
1949989
3094368
3595323
3325070
3218288
1903267
3011902
2295799
3205624
2131890
1791315
1950430
1438612
1438611
2295794
6522104
3284768
10441585
3808562
4847822
2123119
2037991
4847824
1438649
3769093
3287715
11519303
1306080
1306085
2131887
3430694
3196851
19931337
4142178
3150816
4225584
3279657
2241931
5908479
5908477
5908478
5908475
5908473
5908474
3645150
3196838
5908470
1474537
2024969
3195796
1306098
1829159
3785918
6523299
4225596
2134897
4149250
1845917
3287776
4149252
3793254
1401756
6960858
5973966
2134899
1401754
5973967
6804877
3025666
1432882
3312344
1306069
4267948
4847886
1877942
4901335
1306063
2078620
3307724
1469967
19931352
2024935
3033970
4830895
2300487
20501194
5184655
20501199
3266978
4727875
10441574
5217792
10441575
2146439
1438652
5213342
3334637
6019180
2153101
1306078
3025673
1306075
1306072
4830890
2031551
1432879
1812751
3972514
5973984
3812202
3228134
1306045
20502708
4263774
1438689
1306049
2037953
2037958
20395646
20502701
2368533
4035906
1306057
3228148
1401761
1306059
3785958
3785951
2024921
4901323
2059125
4901378
1457435
1800498
3903715
2031586
1296360
1873269
3244066
1759338
2067450
2363476
3819486
1301939
1799274
5395684
1919245
1296369
1301932
2363479
2059120
3769443
1307165
1307164
1307163
5953625
1307161
1457426
4262298
3769442
6892901
3149290
5201164
6511803
1296357
1301946
1759349
1301948
1876863
1866097
2258612
2067444
1949900
7057322
1866099
1296359
4901350
4901351
4262285
1307130
4259279
1307136
1307135
1964496
1301917
1296344
1301914
2157284
1301913
3864850
1301912
1434203
1434206
11521799
11503013
5394576
1919225
1469984
1457410
4915135
3672025
3769466
1307140
1307146
1307144
20277285
5967821
1866075
1301928
3219471
1905303
1986567
1296334
1296332
1301926
5967829
2342491
1296339
1296338
1301922
3733938
4924660
4266816
1473475
2303163
3419943
7152897
7152896
4720720
7152895
1307198
7152891
2045259
1307193
1919205
1298624
1759371
2028130
11615862
1963348
3740280
3057356
1400211
1296390
3196860
4737719
2078696
3195735
1434218
1298613
1759386
4217222
1298616
2072087
1298619
1301901
1301902
1296399
1301905
20427163
1759388
1296397
1296394
2131840
1400240
1439730
11638977
1296381
4217214
1307176
1298608
1298609
4046766
6013391
1298602
3195759
1298603
10440015
1806013
1439735
1296388
1296389
4924699
1439723
4924698
1439722
1296370
4924694
4924690
2059119
4193339
1307181
1307186
1307187
1434233
1307185
2267298
1307190
1434239
1296374
1296372
4176317
1296373
1439729
11803087
1439726
1439727
1439724
1298535
1889424
3329671
4195582
1300055
1300056
1300050
1297922
1829654
1297923
1297920
1297924
5978083
5279575
1301509
3105224
1300058
2246001
2155076
2075345
1300044
2211778
1298546
1298545
1300043
1951439
1298541
1297931
1297935
5199667
1297938
2075352
1297929
1906051
2075355
1966691
2075358
10767549
20426247
1439804
4063065
2155093
1300031
6117660
2155095
1300034
4043763
1298510
1298517
1298516
3283221
4195568
1800440
2075321
3158990
5279593
3545177
3337924
6117664
3732484
1300038
2334000
5965632
1298522
1298521
10456894
4195550
3732499
1300021
10440059
1298526
1298525
4079120
1298528
1301996
3105231
1301997
5279589
3623024
2034997
14021042
4236902
1297909
1440951
2982191
1300025
2075336
2075337
3419886
3732493
5132461
10521905
1300029
10550943
1296436
3631341
2361269
6097775
6124014
1301982
6124012
4737674
6097776
4924715
1301541
2361266
1298574
1296432
2157295
1298572
1951483
1300019
1301547
1301546
1307125
1301545
2075304
1301544
1434171
3047756
2162887
20279444
1307128
1873359
1300016
2034982
1434174
1434172
1475649
3047754
5353353
10752478
5354481
1434177
1296448
20390013
5168675
3864833
1301974
1298589
1301530
1301979
2378635
1296444
3328350
1298584
1298586
10813354
1300008
1951470
1301535
1475651
1301538
1301537
1440978
5028967
1434184
1475658
5354494
3278605
